name: assemble2
channels:
  - javascript
  - defaults
dependencies:
  - bcrypt=3.2.0=py37haf1e3a3_0
  - blas=1.0=mkl
  - bower=1.7.6=0
  - ca-certificates=2021.1.19=hecd8cb5_0
  - certifi=2020.12.5=py37hecd8cb5_0
  - cffi=1.14.5=py37h2125817_0
  - cryptography=3.3.1=py37hbcfaee0_1
  - fabric3=1.14.post1=py37hecd8cb5_1
  - intel-openmp=2019.4=233
  - libcxx=10.0.0=1
  - libedit=3.1.20191231=h1de35cc_1
  - libffi=3.3=hb1e8313_2
  - libsodium=1.0.18=h1de35cc_0
  - mkl=2019.4=233
  - mkl-service=2.3.0=py37h9ed2024_0
  - mkl_fft=1.3.0=py37ha059aab_0
  - mkl_random=1.1.1=py37h959d312_0
  - ncurses=6.2=h0a44026_1
  - nodejs=4.4.0=0
  - numpy=1.19.2=py37h456fd55_0
  - numpy-base=1.19.2=py37hcfb5961_0
  - openssl=1.1.1j=h9ed2024_0
  - pandas=1.2.3=py37hb2f4e1b_0
  - paramiko=2.7.2=py_0
  - pip=21.0.1=py37hecd8cb5_0
  - pycparser=2.20=py_2
  - pymongo=3.11.3=py37h23ab428_0
  - pynacl=1.4.0=py37haf1e3a3_1
  - python=3.7.10=h88f2d9e_0
  - python-dateutil=2.8.1=pyhd3eb1b0_0
  - pytz=2021.1=pyhd3eb1b0_0
  - readline=8.1=h9ed2024_0
  - setuptools=52.0.0=py37hecd8cb5_0
  - six=1.15.0=py37hecd8cb5_0
  - sqlite=3.33.0=hffcf06c_0
  - tk=8.6.10=hb0a8c7a_0
  - tornado=6.1=py37h9ed2024_0
  - ujson=4.0.2=py37h23ab428_0
  - wheel=0.36.2=pyhd3eb1b0_0
  - xz=5.2.5=h1de35cc_0
  - zlib=1.2.11=h1de35cc_3
  - pip:
    - chardet==4.0.0
    - docker==4.4.4
    - idna==2.10
    - pysam==0.16.0.1
    - requests==2.25.1
    - urllib3==1.26.3
    - websocket-client==0.58.0
prefix: /Users/patrickheenan/opt/anaconda3/envs/assemble2

name: assemble2
channels:
  - javascript
  - defaults
dependencies:
  - bcrypt=3.2.0
  - blas=1.0
  - bower=1.7.6
  - ca-certificates=2021.1.19
  - certifi=2020.12.5
  - cffi=1.14.5
  - cryptography=3.3.1
  - fabric3=1.14.post1
  - intel-openmp=2019.4
  - libcxx=10.0.0
  - libedit=3.1.20191231
  - libffi=3.3
  - libsodium=1.0.18
  - mkl=2019.4
  - mkl-service=2.3.0
  - mkl_fft=1.3.0
  - mkl_random=1.1.1
  - ncurses=6.2
  - nodejs=4.4.0
  - numpy=1.19.2
  - numpy-base=1.19.2
  - openssl=1.1.1j
  - pandas=1.2.3
  - paramiko=2.7.2
  - pip=21.0.1
  - pycparser=2.20
  - pymongo=3.11.3
  - pynacl=1.4.0
  - python=3.7.10
  - python-dateutil=2.8.1
  - pytz=2021.1
  - readline=8.1
  - setuptools=52.0.0
  - six=1.15.0
  - sqlite=3.33.0
  - tk=8.6.10
  - tornado=6.1
  - ujson=4.0.2
  - wheel=0.36.2
  - xz=5.2.5
  - zlib=1.2.11
  - pip:
    - chardet==4.0.0
    - docker==4.4.4
    - idna==2.10
    - pysam==0.16.0.1
    - requests==2.25.1
    - urllib3==1.26.3
    - websocket-client==0.58.0
prefix: /Users/patrickheenan/opt/anaconda3/envs/assemble2

